black_rating      int64
ep_colour         int64
ep_happened       int64
time_taken      float64
white_rating      int64
pre_state         int64
state_best        int64
state_ep          int64
state_player      int64
elo_class         int64
elo_class2        int64
quotient        float64
temptation       object
dtype: object




ep_happened and time_class - 58%
ep_happened and ep_colour - 63%
ep_happened and rated - 59%



[0.26892067 0.19104969 0.1572668  0.12292173 0.11297566 0.10151214
 0.04535331]
100 factor: 0.6375000000000025
[0.27307486 0.18986873 0.15401535 0.12466642 0.1121159  0.10165237
 0.04460638]
120 factor: 0.6375000000000025
[0.27434169 0.18281921 0.15817396 0.1242641  0.11540846 0.10157034
 0.04342223]
140 factor: 0.6656249999999876
[0.27100995 0.1870357  0.15293074 0.12504708 0.11644853 0.10229047
 0.04523753]
160 factor: 0.6145833333333334
[0.27444843 0.18707976 0.15510011 0.1243075  0.11353504 0.1015863
 0.04394285]
180 factor: 0.629166666666674
[0.27131999 0.18714734 0.15700789 0.12311576 0.11493057 0.10194686
 0.04453159]
200 factor: 0.6312500000000119
[0.27159391 0.19067438 0.15674785 0.12359222 0.11086245 0.10224683
 0.04428235]
220 factor: 0.6364583333333255
[0.27169    0.18549058 0.15627921 0.12561086 0.11390911 0.10297211
 0.04404813]
240 factor: 0.6489583333333279
[0.27177535 0.18638371 0.15862881 0.12579092 0.10993346 0.1032528
 0.04423496]
260 factor: 0.629166666666674
[0.27188159 0.18717244 0.15705294 0.12408405 0.11363867 0.10192383
 0.04424648]
280 factor: 0.6260416666666603
[0.2711068  0.18883956 0.14819712 0.12585688 0.11771067 0.10319602
 0.04509296]
300 factor: 0.6458333333333351
[0.26998902 0.18895853 0.1525929  0.12438853 0.1149741  0.10298349
 0.04611344]
320 factor: 0.6416666666666601
[0.27019116 0.18774126 0.15802423 0.12338398 0.11192918 0.10387713
 0.04485306]
340 factor: 0.6260416666666603
[0.27121575 0.18733069 0.15343018 0.12424453 0.11651677 0.10284205
 0.04442002]
360 factor: 0.6531250000000035
[0.27162429 0.1885708  0.15899211 0.12404919 0.11197244 0.1010192
 0.04377197]
380 factor: 0.6156250000000116
[0.27079409 0.18922433 0.15178473 0.12608285 0.11594714 0.10180568
 0.04436118]
400 factor: 0.609375
[0.27386774 0.19084317 0.15390199 0.1221597  0.1132111  0.101516
 0.04450032]
420 factor: 0.634374999999988
[0.27131275 0.18667985 0.15613627 0.1239452  0.11484381 0.10347316
 0.04360896]
440 factor: 0.602083333333328
[0.27585305 0.18677121 0.1561645  0.1243866  0.1125656  0.10169279
 0.04256627]
460 factor: 0.643749999999997
[0.27143165 0.18569143 0.15906285 0.12437648 0.11210057 0.10222025
 0.04511676]
480 factor: 0.6145833333333334





100 factor: 0.6291666666666655
110 factor: 0.625
120 factor: 0.6312499999999978
130 factor: 0.6427083333333321
140 factor: 0.625
150 factor: 0.6156249999999978
160 factor: 0.6343750000000024
170 factor: 0.621875000000002
180 factor: 0.6447916666666655
190 factor: 0.6270833333333321
200 factor: 0.5958333333333321
210 factor: 0.6333333333333364
220 factor: 0.6395833333333341
230 factor: 0.6385416666666679
240 factor: 0.641666666666666
250 factor: 0.6458333333333316
260 factor: 0.621875000000002
270 factor: 0.6208333333333343
280 factor: 0.6145833333333316
290 factor: 0.6364583333333345
300 factor: 0.621875000000002
310 factor: 0.628124999999998
320 factor: 0.6447916666666655
330 factor: 0.625
340 factor: 0.6145833333333316
350 factor: 0.6302083333333315
360 factor: 0.6791666666666641
370 factor: 0.621875000000002
380 factor: 0.6489583333333363
390 factor: 0.6333333333333364
400 factor: 0.6354166666666685
410 factor: 0.6135416666666657
420 factor: 0.609375
430 factor: 0.6229166666666679
440 factor: 0.6145833333333316
450 factor: 0.6354166666666685
460 factor: 0.6354166666666685
470 factor: 0.6427083333333321
480 factor: 0.6333333333333364
490 factor: 0.6354166666666685
